1.0000, 1.0000, 1.0000, 1.0000, 1.0000, 1.0000, 0.6255, 1.0000, 1.0000
0.9896, 0.3310, 0.8092, 0.8190, 0.8950, 0.5000, 0.7387, 0.9710, 0.8720
0.9844, 1.0000, 1.0000, 0.9950, 1.0000, 1.0000, 0.6250, 1.0000, 1.0000
0.9719, 1.0000, 1.0000, 1.0000, 1.0000, 1.0000, 0.6608, 0.6670, 1.0000
0.9719, 1.0000, 1.0000, 1.0000, 1.0000, 1.0000, 0.7233, 1.0000, 1.0000
0.9647, 0.7610, 0.8092, 0.8190, 0.9830, 0.5000, 0.7881, 0.9470, 0.8860
0.9615, 1.0000, 1.0000, 1.0000, 1.0000, 1.0000, 0.7643, 1.0000, 1.0000
0.9563, 1.0000, 1.0000, 1.0000, 1.0000, 1.0000, 0.9355, 1.0000, 1.0000
0.9532, 0.2330, 0.8092, 0.8190, 0.8530, 0.5000, 0.8219, 0.9520, 0.8940
0.9439, 0.4790, 0.8092, 0.8180, 0.9400, 0.5000, 0.7331, 0.9330, 0.8700
0.9407, 0.1510, 0.6187, 0.5490, 0.7340, 0.2500, 0.6639, 0.8700, 0.6510
0.9407, 1.0000, 1.0000, 1.0000, 1.0000, 1.0000, 0.7742, 0.7500, 1.0000
0.9376, 0.1360, 0.6187, 0.5400, 0.5510, 0.2500, 0.3359, 0.7690, 0.4440
0.9376, 0.3450, 0.6979, 0.6670, 0.8820, 0.3330, 0.6125, 0.8570, 0.7100
0.9376, 0.2720, 0.6979, 0.6690, 0.8290, 0.3330, 0.5592, 0.8750, 0.6810
0.9335, 1.0000, 1.0000, 0.9990, 1.0000, 1.0000, 0.7289, 1.0000, 1.0000
0.9324, 0.4390, 0.8092, 0.8180, 0.9350, 0.5000, 0.7877, 0.9410, 0.8850
0.9231, 1.0000, 1.0000, 1.0000, 1.0000, 1.0000, 0.6922, 1.0000, 1.0000
0.9231, 0.4460, 0.8092, 0.8190, 0.9170, 0.5000, 0.5868, 0.9520, 0.8210
0.9220, 1.0000, 1.0000, 1.0000, 1.0000, 1.0000, 0.6720, 1.0000, 1.0000
0.9220, 1.0000, 1.0000, 1.0000, 1.0000, 1.0000, 0.7276, 1.0000, 1.0000
0.9179, 0.5820, 0.8092, 0.8050, 0.9630, 0.5000, 0.8095, 0.9090, 0.8910
0.9127, 0.3120, 0.8092, 0.8180, 0.8660, 0.5000, 0.6140, 0.7060, 0.8310
0.9127, 0.1090, 0.6979, 0.6700, 0.6470, 0.3330, 0.6400, 0.9230, 0.7250
0.9127, 0.4280, 0.8092, 0.7750, 0.9310, 0.5000, 0.7699, 0.8890, 0.8810
0.9075, 0.3150, 0.8092, 0.8180, 0.8860, 0.5000, 0.7237, 0.9330, 0.8670
0.9075, 0.0830, 0.6187, 0.5490, 0.4950, 0.2500, 0.4638, 0.7060, 0.5260
0.9075, 0.1350, 0.5074, 0.3620, 0.5780, 0.1670, 0.3770, 0.6670, 0.3470
0.9044, 0.3210, 0.8092, 0.8180, 0.8550, 0.5000, 0.5485, 0.9410, 0.8010
0.8992, 0.2330, 0.6979, 0.6700, 0.8210, 0.3330, 0.6521, 0.9000, 0.7310
0.8992, 0.6940, 0.8092, 0.8190, 0.9760, 0.5000, 0.7607, 0.9470, 0.8780
0.8992, 0.2160, 0.6979, 0.6700, 0.7970, 0.3330, 0.6140, 0.6670, 0.7110
0.8909, 0.2100, 0.6979, 0.6700, 0.8130, 0.3330, 0.7001, 0.9000, 0.7550
0.8888, 0.3990, 0.6979, 0.6700, 0.9390, 0.3330, 1.0000, 0.9000, 0.8700
0.8836, 1.0000, 1.0000, 0.9840, 1.0000, 1.0000, 0.7154, 1.0000, 1.0000
0.8815, 1.0000, 1.0000, 0.9990, 1.0000, 1.0000, 0.9541, 1.0000, 1.0000
0.8753, 0.0780, 0.5574, 0.4490, 0.4570, 0.2000, 0.4252, 0.6670, 0.2960
0.8659, 0.2090, 0.8092, 0.8190, 0.8040, 0.5000, 0.6653, 0.9680, 0.8490
0.8659, 0.1040, 0.6187, 0.5200, 0.5770, 0.2500, 0.5059, 0.7270, 0.5530
0.8659, 0.0980, 0.6187, 0.5400, 0.4570, 0.2500, 0.3784, 0.7690, 0.4710
0.8659, 1.0000, 1.0000, 1.0000, 1.0000, 1.0000, 0.8265, 1.0000, 1.0000
0.8659, 1.0000, 1.0000, 1.0000, 1.0000, 1.0000, 0.8771, 1.0000, 1.0000
0.8597, 1.0000, 1.0000, 0.9950, 1.0000, 1.0000, 0.8251, 1.0000, 1.0000
0.8597, 0.5260, 0.8092, 0.8190, 0.9610, 0.5000, 0.9457, 0.9600, 0.9210
0.8503, 0.6430, 0.8092, 0.8190, 0.9680, 0.5000, 0.7252, 0.9520, 0.8680
0.8493, 0.1650, 0.6187, 0.5490, 0.7670, 0.2500, 0.7197, 0.8420, 0.6830
0.8451, 1.0000, 1.0000, 0.9950, 1.0000, 1.0000, 0.8784, 1.0000, 1.0000
0.8441, 0.1500, 0.6979, 0.6590, 0.6420, 0.3330, 0.4361, 0.8330, 0.6080
0.8420, 0.3230, 0.8092, 0.8190, 0.8940, 0.5000, 0.7626, 0.9600, 0.8790
0.8420, 1.0000, 1.0000, 1.0000, 1.0000, 1.0000, 0.9073, 1.0000, 1.0000
0.8368, 0.0640, 0.4283, 0.2460, 0.3600, 0.1250, 0.3504, 0.6670, 0.2620
0.8337, 0.1610, 0.6187, 0.4580, 0.5010, 0.2500, 0.2252, 0.6670, 0.3740
0.8337, 0.2410, 0.6979, 0.6700, 0.7830, 0.3330, 0.4893, 0.7060, 0.6400
0.8264, 0.3380, 0.6979, 0.6670, 0.9010, 0.3330, 0.7656, 0.8570, 0.7850
0.8243, 0.1270, 0.6187, 0.5400, 0.7120, 0.2500, 0.7334, 0.7690, 0.6910
0.8243, 0.2080, 0.5574, 0.4490, 0.7930, 0.2000, 0.6245, 0.8180, 0.5580
0.8243, 0.1840, 0.6979, 0.6690, 0.7020, 0.3330, 0.4476, 0.8750, 0.6150
0.8191, 0.1180, 0.3670, 0.1570, 0.5440, 0.1000, 0.3843, 0.4710, 0.2320
0.8160, 0.2240, 0.6979, 0.6700, 0.8160, 0.3330, 0.6601, 0.9090, 0.7350
0.8160, 0.2280, 0.8092, 0.8150, 0.8300, 0.5000, 0.7088, 0.9230, 0.8630
0.8160, 0.2930, 0.6979, 0.6700, 0.8630, 0.3330, 0.6521, 0.9000, 0.7310
0.8160, 0.3080, 0.6979, 0.6590, 0.8400, 0.3330, 0.5069, 0.8330, 0.6510
0.8139, 0.1400, 0.6979, 0.6700, 0.6990, 0.3330, 0.6141, 0.8890, 0.7110
0.8139, 1.0000, 1.0000, 0.9990, 1.0000, 1.0000, 0.4252, 1.0000, 1.0000
0.8087, 0.3140, 0.6979, 0.6700, 0.9070, 0.3330, 0.9164, 0.9230, 0.8440
0.8087, 0.0660, 0.2949, 0.0490, 0.0780, 0.0770, 0.0512, 0.2500, 0.0870
0.8025, 0.1730, 0.6979, 0.6590, 0.6800, 0.3330, 0.4361, 0.8330, 0.6080
0.8025, 0.1300, 0.6979, 0.6670, 0.6630, 0.3330, 0.5659, 0.8570, 0.6850
0.8025, 0.1130, 0.6979, 0.6700, 0.6490, 0.3330, 0.6258, 0.8000, 0.7170
0.8004, 1.0000, 1.0000, 0.9990, 1.0000, 1.0000, 0.6339, 1.0000, 1.0000
0.8004, 0.1460, 0.6979, 0.6700, 0.6880, 0.3330, 0.5547, 0.8000, 0.6780
0.7983, 0.1020, 0.4651, 0.2960, 0.4990, 0.1430, 0.3770, 0.6250, 0.3070
0.7983, 0.1940, 0.8092, 0.7750, 0.7220, 0.5000, 0.4617, 0.8890, 0.7680
0.7952, 0.0680, 0.3670, 0.1570, 0.3150, 0.1000, 0.2699, 0.4710, 0.1830
0.7931, 0.1360, 0.6187, 0.5400, 0.7120, 0.2500, 0.6725, 0.7690, 0.6560
0.7931, 0.0830, 0.4651, 0.2960, 0.4790, 0.1430, 0.4368, 0.6250, 0.3410
0.7921, 1.0000, 1.0000, 0.9840, 1.0000, 1.0000, 0.5719, 1.0000, 1.0000
0.7921, 0.1600, 0.6979, 0.6590, 0.7370, 0.3330, 0.6299, 0.8330, 0.7190
0.7921, 0.1280, 0.6979, 0.6700, 0.6850, 0.3330, 0.6373, 0.8890, 0.7230
0.7921, 0.1170, 0.6187, 0.5490, 0.6500, 0.2500, 0.5985, 0.5710, 0.6120
0.7879, 1.0000, 1.0000, 1.0000, 1.0000, 1.0000, 0.8292, 1.0000, 1.0000
0.7827, 0.1090, 0.6187, 0.5400, 0.5090, 0.2500, 0.3665, 0.7690, 0.4630
0.7827, 0.2780, 0.8092, 0.8180, 0.8640, 0.5000, 0.7078, 0.9330, 0.8630
0.7827, 0.4880, 0.6979, 0.6700, 0.9340, 0.3330, 0.6385, 0.9000, 0.7240
0.7827, 0.4590, 0.8092, 0.8180, 0.9340, 0.5000, 0.7134, 0.9330, 0.8640
0.7796, 0.3410, 0.6979, 0.6700, 0.8870, 0.3330, 0.6521, 0.9000, 0.7310
0.7796, 0.5080, 0.6979, 0.6700, 0.9340, 0.3330, 0.5879, 0.9090, 0.6970
0.7796, 0.2080, 0.8092, 0.8050, 0.7940, 0.5000, 0.6299, 0.9090, 0.8370
0.7796, 0.7010, 0.6979, 0.6700, 0.9770, 0.3330, 0.7827, 0.8000, 0.7920
0.7765, 0.1680, 0.6979, 0.6670, 0.7300, 0.3330, 0.5781, 0.8570, 0.6920
0.7765, 0.2400, 0.8092, 0.6830, 0.6230, 0.5000, 0.2611, 0.8570, 0.6420
0.7765, 0.1420, 0.8092, 0.8150, 0.6890, 0.5000, 0.5720, 0.9230, 0.8150
0.7765, 0.1490, 0.6187, 0.5400, 0.6310, 0.2500, 0.4179, 0.7690, 0.4970
0.7713, 0.2330, 0.8092, 0.8190, 0.8220, 0.5000, 0.6526, 0.9600, 0.8450
0.7713, 1.0000, 1.0000, 0.9950, 1.0000, 1.0000, 0.8152, 1.0000, 1.0000
0.7713, 0.4660, 0.8092, 0.8190, 0.9300, 0.5000, 0.6521, 0.9470, 0.8450
0.7672, 0.1650, 0.6187, 0.5490, 0.6630, 0.2500, 0.4272, 0.6320, 0.5030
0.7609, 0.4460, 0.8092, 0.8180, 0.9300, 0.5000, 0.7145, 0.9410, 0.8650
0.7609, 0.2340, 0.6979, 0.6690, 0.8480, 0.3330, 0.7835, 0.8750, 0.7930
0.7588, 0.8410, 0.8092, 0.8050, 0.9860, 0.5000, 0.5813, 0.9090, 0.8190
0.7588, 0.2580, 0.8092, 0.8180, 0.8550, 0.5000, 0.7309, 0.9410, 0.8700
0.7588, 0.2680, 0.6979, 0.6690, 0.8080, 0.3330, 0.4934, 0.8750, 0.6430
0.7588, 0.1180, 0.5574, 0.4490, 0.6390, 0.2000, 0.5688, 0.8000, 0.5230
0.7588, 0.1570, 0.6187, 0.5400, 0.6540, 0.2500, 0.4368, 0.7690, 0.5090
0.7557, 0.3260, 0.6979, 0.6700, 0.8800, 0.3330, 0.6521, 0.9000, 0.7310
0.7557, 0.1960, 0.6979, 0.6700, 0.7070, 0.3330, 0.4272, 0.6670, 0.6020
0.7557, 0.2750, 0.8092, 0.8180, 0.8610, 0.5000, 0.7024, 0.9410, 0.8610
0.7536, 0.1550, 0.8092, 0.8180, 0.6670, 0.5000, 0.4678, 0.9330, 0.7710
0.7536, 0.6280, 0.8092, 0.8180, 0.9610, 0.5000, 0.6345, 0.9410, 0.8380
0.7505, 0.0730, 0.5074, 0.3620, 0.2700, 0.1670, 0.2005, 0.6670, 0.2520
0.7505, 0.0970, 0.5574, 0.4470, 0.4040, 0.2000, 0.2703, 0.7500, 0.3350
0.7505, 0.0790, 0.6187, 0.5400, 0.4670, 0.2500, 0.4361, 0.7690, 0.5080
0.7432, 0.1770, 0.6187, 0.5490, 0.7430, 0.2500, 0.5773, 0.8420, 0.5990
0.7432, 0.1210, 0.5574, 0.4490, 0.6630, 0.2000, 0.6110, 0.8180, 0.5500
0.7432, 0.3750, 0.8092, 0.8180, 0.9080, 0.5000, 0.7078, 0.9330, 0.8630
0.7432, 0.2190, 0.5574, 0.4490, 0.7700, 0.2000, 0.5135, 0.7780, 0.4870
0.7432, 0.2210, 0.5574, 0.4470, 0.7680, 0.2000, 0.5021, 0.7500, 0.4790
0.7401, 0.5410, 0.8092, 0.8190, 0.9390, 0.5000, 0.5628, 0.9520, 0.8120
0.7401, 0.2360, 0.8092, 0.8190, 0.8210, 0.5000, 0.6385, 0.9470, 0.8400
0.7380, 1.0000, 1.0000, 1.0000, 1.0000, 1.0000, 0.7881, 1.0000, 1.0000
0.7360, 0.2040, 0.6979, 0.6670, 0.8050, 0.3330, 0.6933, 0.8570, 0.7510
0.7360, 0.0630, 0.5074, 0.3660, 0.3490, 0.1670, 0.3421, 0.7060, 0.3270
0.7349, 0.1000, 0.3408, 0.1350, 0.5230, 0.0910, 0.4252, 0.5830, 0.2320
0.7349, 0.5420, 0.8092, 0.8190, 0.9470, 0.5000, 0.6464, 0.9600, 0.8430
0.7349, 0.7390, 0.8092, 0.8050, 0.9760, 0.5000, 0.6141, 0.9090, 0.8310
0.7349, 0.1360, 0.6187, 0.5460, 0.5250, 0.2500, 0.3442, 0.8000, 0.4490
0.7328, 0.8380, 0.8092, 0.8190, 0.9880, 0.5000, 0.6869, 0.8570, 0.8560
0.7328, 0.4040, 0.8092, 0.8190, 0.9260, 0.5000, 0.7877, 0.9600, 0.8850
0.7308, 0.3310, 0.8092, 0.8190, 0.8950, 0.5000, 0.7387, 0.9710, 0.8720
0.7308, 0.3200, 0.8092, 0.8190, 0.8960, 0.5000, 0.7843, 0.9520, 0.8470
0.7297, 0.4610, 0.8092, 0.8190, 0.9180, 0.5000, 0.5621, 0.9470, 0.8110
0.7256, 0.4060, 0.8092, 0.8050, 0.8760, 0.5000, 0.5554, 0.9090, 0.7600
0.7256, 0.1910, 0.6979, 0.6700, 0.7820, 0.3330, 0.6521, 0.9000, 0.7310
0.7225, 0.1090, 0.4651, 0.3010, 0.5970, 0.1430, 0.5182, 0.7270, 0.3900
0.7225, 1.0000, 1.0000, 1.0000, 1.0000, 1.0000, 0.9056, 1.0000, 1.0000
0.7173, 0.1950, 0.6979, 0.6700, 0.7650, 0.3330, 0.5773, 0.8890, 0.6910
0.7173, 0.1200, 0.6187, 0.5480, 0.3900, 0.2500, 0.2007, 0.7060, 0.3590
0.7173, 0.4700, 0.8092, 0.8180, 0.9350, 0.5000, 0.6924, 0.9410, 0.8580
0.7152, 0.2060, 0.6979, 0.6690, 0.7700, 0.3330, 0.5554, 0.8750, 0.6790
0.7100, 0.2460, 0.8092, 0.8190, 0.8670, 0.5000, 0.8606, 0.9520, 0.9030
0.7100, 0.2060, 0.6979, 0.6700, 0.8010, 0.3330, 0.6690, 0.9170, 0.7400
0.7017, 1.0000, 1.0000, 1.0000, 1.0000, 1.0000, 0.6711, 0.8330, 1.0000
0.7017, 0.4560, 0.8092, 0.8190, 0.9430, 0.5000, 0.8460, 0.9660, 0.9000
0.7017, 0.3010, 0.6979, 0.6670, 0.8870, 0.3330, 0.7827, 0.8570, 0.7920
0.7017, 0.1920, 0.6979, 0.6670, 0.6560, 0.3330, 0.3442, 0.8570, 0.5500
0.7017, 0.1230, 0.6187, 0.5490, 0.6770, 0.2500, 0.6406, 0.8420, 0.6370
0.7017, 1.0000, 1.0000, 1.0000, 1.0000, 1.0000, 0.7953, 1.0000, 1.0000
0.6996, 0.2720, 0.6979, 0.6700, 0.8500, 0.3330, 0.6521, 0.9000, 0.7310
0.6933, 1.0000, 1.0000, 1.0000, 1.0000, 1.0000, 0.6611, 1.0000, 1.0000
0.6933, 0.2310, 0.6979, 0.6700, 0.8350, 0.3330, 0.7252, 0.9000, 0.7670
0.6933, 0.1110, 0.5074, 0.3480, 0.5280, 0.1670, 0.3843, 0.6150, 0.3520
0.6933, 0.2270, 0.6979, 0.6700, 0.8320, 0.3330, 0.7252, 0.9000, 0.7670
0.6933, 0.2840, 0.6187, 0.5480, 0.8790, 0.2500, 0.7835, 0.8240, 0.7180
0.6933, 0.1450, 0.5574, 0.4490, 0.6600, 0.2000, 0.4909, 0.6670, 0.3380
0.6840, 0.2900, 0.6979, 0.6690, 0.8630, 0.3330, 0.7843, 0.8750, 0.7930
0.6840, 0.2400, 0.8092, 0.8050, 0.7280, 0.5000, 0.3641, 0.9090, 0.7200
0.6840, 0.3260, 0.8092, 0.8050, 0.8730, 0.5000, 0.6141, 0.9090, 0.8310
0.6840, 0.1920, 0.6187, 0.5490, 0.7820, 0.2500, 0.6486, 0.8420, 0.6420
0.6840, 0.1020, 0.4651, 0.3010, 0.3460, 0.1430, 0.2007, 0.6000, 0.2190
0.6788, 0.0650, 0.5074, 0.3660, 0.3580, 0.1670, 0.3421, 0.7060, 0.3270
0.6757, 0.0920, 0.5074, 0.3620, 0.4950, 0.1670, 0.4179, 0.6670, 0.3720
0.6757, 0.1160, 0.5074, 0.3680, 0.6130, 0.1670, 0.5182, 0.7620, 0.4340
0.6757, 0.0850, 0.4651, 0.3010, 0.3030, 0.1430, 0.2007, 0.6000, 0.2190
0.6757, 0.2300, 0.6979, 0.6690, 0.8340, 0.3330, 0.7237, 0.8750, 0.7660
0.6726, 0.1060, 0.5574, 0.3070, 0.5520, 0.2000, 0.4538, 0.6250, 0.3510
0.6726, 0.1800, 0.6187, 0.5480, 0.7220, 0.2500, 0.5091, 0.8240, 0.5470
0.6726, 0.2530, 0.8092, 0.8180, 0.8480, 0.5000, 0.7065, 0.9330, 0.8620
0.6705, 1.0000, 1.0000, 0.9990, 1.0000, 1.0000, 0.7819, 1.0000, 1.0000
0.6684, 0.2000, 0.6979, 0.6700, 0.7980, 0.3330, 0.6788, 0.8890, 0.7440
0.6674, 0.0750, 0.6979, 0.6690, 0.4700, 0.3330, 0.4678, 0.8750, 0.6270
0.6632, 0.2980, 0.6187, 0.5490, 0.8980, 0.2500, 0.8874, 0.8420, 0.7690
0.6601, 0.3590, 0.8092, 0.8190, 0.8920, 0.5000, 0.6318, 0.9520, 0.8380
0.6601, 0.1230, 0.6187, 0.5490, 0.6770, 0.2500, 0.6406, 0.8420, 0.6370
0.6580, 0.2760, 0.8092, 0.8050, 0.8010, 0.5000, 0.4528, 0.9090, 0.7640
0.6580, 0.0820, 0.4651, 0.2960, 0.4390, 0.1430, 0.4361, 0.6250, 0.3410
0.6549, 0.1350, 0.5074, 0.3660, 0.6600, 0.1670, 0.5334, 0.7060, 0.4440
0.6549, 0.1340, 0.5574, 0.4470, 0.6500, 0.2000, 0.5148, 0.7500, 0.4870
0.6528, 0.0720, 0.4651, 0.3010, 0.2670, 0.1430, 0.2007, 0.6000, 0.2190
0.6528, 0.0910, 0.5574, 0.4490, 0.5120, 0.2000, 0.4529, 0.6090, 0.4070
0.6528, 0.2620, 0.6979, 0.6700, 0.8630, 0.3330, 0.7613, 0.9090, 0.7830
0.6518, 0.3230, 0.8092, 0.8150, 0.8830, 0.5000, 0.6796, 0.9230, 0.8540
0.6518, 0.3650, 0.6979, 0.6700, 0.9140, 0.3330, 0.8100, 0.9000, 0.8040
0.6497, 0.0460, 0.1905, 0.0000, 0.0000, 0.0530, 0.0000, 0.1000, 0.0530
0.6424, 0.1030, 0.6187, 0.5400, 0.5120, 0.2500, 0.3940, 0.7690, 0.4630
0.6414, 0.1940, 0.8092, 0.8180, 0.7880, 0.5000, 0.6656, 0.9330, 0.8490
0.6414, 0.1510, 0.6187, 0.5460, 0.6950, 0.2500, 0.5526, 0.8000, 0.5830
0.6393, 0.1580, 0.6979, 0.6670, 0.7070, 0.3330, 0.5526, 0.8570, 0.6770
0.6372, 0.3170, 0.6187, 0.5490, 0.8930, 0.2500, 0.8357, 0.8890, 0.7450
0.6362, 0.0750, 0.4283, 0.2060, 0.2980, 0.1250, 0.2274, 0.4620, 0.2040
0.6362, 0.1880, 0.6979, 0.6590, 0.7090, 0.3330, 0.4528, 0.8330, 0.6180
0.6320, 0.3700, 0.6979, 0.6700, 0.8860, 0.3330, 0.5688, 0.8890, 0.6860
0.6320, 0.0520, 0.2949, 0.0860, 0.2550, 0.0770, 0.2699, 0.4000, 0.1440
0.6310, 0.2860, 0.6979, 0.6700, 0.8620, 0.3330, 0.6713, 0.9090, 0.7410
0.6310, 0.0650, 0.4651, 0.2850, 0.3050, 0.1430, 0.2699, 0.5710, 0.2510
0.6268, 0.1220, 0.6979, 0.6700, 0.7020, 0.3330, 0.7309, 0.8890, 0.7690
0.6268, 0.1040, 0.5574, 0.4420, 0.5400, 0.2000, 0.4361, 0.7140, 0.4370
0.6268, 0.1410, 0.5574, 0.3750, 0.4630, 0.2000, 0.2252, 0.6000, 0.3100
0.6268, 0.0520, 0.2556, 0.0330, 0.0810, 0.0670, 0.0689, 0.2220, 0.0750
0.6237, 0.3860, 0.6979, 0.6690, 0.9200, 0.3330, 0.7835, 0.8750, 0.7930
0.6216, 0.0540, 0.3670, 0.0890, 0.0640, 0.1000, 0.0512, 0.3080, 0.1130
0.6206, 0.0850, 0.3958, 0.2010, 0.4910, 0.1110, 0.4474, 0.6000, 0.2850
0.6206, 0.0850, 0.6187, 0.5480, 0.3020, 0.2500, 0.2007, 0.7060, 0.3590
0.6185, 0.4260, 0.8092, 0.8180, 0.9320, 0.5000, 0.7881, 0.9410, 0.8860
0.6185, 0.3630, 0.6187, 0.5490, 0.9220, 0.2500, 0.8931, 0.8570, 0.7720
0.6185, 1.0000, 1.0000, 0.9990, 1.0000, 1.0000, 0.6339, 1.0000, 1.0000
0.6154, 0.1010, 0.5074, 0.3680, 0.5280, 0.1670, 0.4272, 0.6000, 0.3770
0.6133, 0.0710, 0.6187, 0.5400, 0.4010, 0.2500, 0.3784, 0.7690, 0.4710
0.6133, 0.0880, 0.5574, 0.4250, 0.3370, 0.2000, 0.2274, 0.6670, 0.3110
0.6133, 0.2430, 0.6187, 0.5480, 0.8360, 0.2500, 0.6841, 0.8240, 0.6630
0.6102, 0.0810, 0.5574, 0.4420, 0.2900, 0.2000, 0.1982, 0.7140, 0.2950
0.6102, 0.2040, 0.6187, 0.5460, 0.7810, 0.2500, 0.5959, 0.8000, 0.6100
0.6060, 0.0790, 0.4651, 0.2850, 0.3110, 0.1430, 0.2274, 0.5710, 0.2310
0.6060, 0.1150, 0.6979, 0.6700, 0.6580, 0.3330, 0.6345, 0.9000, 0.6670
0.6029, 0.2430, 0.6187, 0.5480, 0.8060, 0.2500, 0.5574, 0.8240, 0.5860
0.6029, 0.1000, 0.5074, 0.3620, 0.4740, 0.1670, 0.3484, 0.6670, 0.3310
0.6029, 0.1500, 0.6187, 0.5460, 0.7040, 0.2500, 0.5781, 0.8000, 0.5990
0.6029, 0.0990, 0.6979, 0.6590, 0.4830, 0.3330, 0.3641, 0.8330, 0.5630
0.5977, 0.5080, 0.6979, 0.6700, 0.9340, 0.3330, 0.5879, 0.9090, 0.6970
0.5946, 0.3120, 0.8092, 0.8190, 0.8500, 0.5000, 0.5379, 0.6320, 0.8020
0.5946, 0.1850, 0.6187, 0.5200, 0.7320, 0.2500, 0.5175, 0.7270, 0.5610
0.5946, 0.4630, 0.8092, 0.8050, 0.9350, 0.5000, 0.7172, 0.9090, 0.8650
0.5925, 0.3320, 0.8092, 0.8180, 0.8680, 0.5000, 0.5695, 0.9330, 0.8140
0.5904, 0.3110, 0.8092, 0.8190, 0.8930, 0.5000, 0.7953, 0.9520, 0.8870
0.5904, 0.1020, 0.5574, 0.4490, 0.5290, 0.2000, 0.4272, 0.6000, 0.4310
0.5873, 0.2390, 0.8092, 0.8190, 0.8230, 0.5000, 0.6385, 0.9470, 0.8400
0.5873, 0.0800, 0.3670, 0.1380, 0.3320, 0.1000, 0.2454, 0.4000, 0.1740
0.5852, 0.1740, 0.5574, 0.4420, 0.7040, 0.2000, 0.4854, 0.7140, 0.4680
0.5852, 0.0910, 0.6979, 0.6670, 0.5700, 0.3330, 0.5720, 0.8570, 0.6880
0.5852, 0.1280, 0.8092, 0.8180, 0.6150, 0.5000, 0.4678, 0.9330, 0.7710
0.5821, 0.1180, 0.6979, 0.6690, 0.6370, 0.3330, 0.5640, 0.8750, 0.6840
0.5821, 0.0650, 0.5574, 0.3750, 0.1520, 0.2000, 0.1109, 0.6000, 0.2500
0.5821, 0.1390, 0.6187, 0.5460, 0.6620, 0.2500, 0.5211, 0.8000, 0.5630
0.5821, 0.1390, 0.6979, 0.6700, 0.7110, 0.3330, 0.6526, 0.9230, 0.7310
0.5821, 0.0740, 0.3169, 0.0000, 0.0000, 0.0830, 0.0000, 0.1540, 0.0830
0.5821, 0.0750, 0.4283, 0.2330, 0.2990, 0.1250, 0.2274, 0.5330, 0.2050
0.5800, 0.2010, 0.6187, 0.5490, 0.8010, 0.2500, 0.6873, 0.8800, 0.6650
0.5800, 0.1140, 0.5574, 0.4490, 0.5380, 0.2000, 0.3884, 0.6000, 0.4070
0.5800, 0.2970, 0.6979, 0.6700, 0.8540, 0.3330, 0.6083, 0.8890, 0.7010
0.5769, 0.1640, 0.6187, 0.5480, 0.7290, 0.2500, 0.5892, 0.8240, 0.6060
0.5769, 0.0810, 0.3958, 0.1680, 0.3700, 0.1110, 0.2869, 0.4290, 0.2080
0.5748, 0.1780, 0.6979, 0.6700, 0.7710, 0.3330, 0.6676, 0.9090, 0.7390
0.5748, 0.2160, 0.6979, 0.6670, 0.7820, 0.3330, 0.5614, 0.8570, 0.6820
0.5717, 0.0910, 0.5574, 0.4490, 0.5320, 0.2000, 0.4909, 0.6000, 0.4720
0.5717, 0.0720, 0.4651, 0.2960, 0.2630, 0.1430, 0.1982, 0.6250, 0.2180
0.5696, 0.2170, 0.8092, 0.8190, 0.8280, 0.5000, 0.7454, 0.9470, 0.8740
0.5696, 0.1650, 0.6187, 0.5400, 0.7100, 0.2500, 0.5315, 0.7690, 0.5700
0.5696, 0.2280, 0.6979, 0.6700, 0.7990, 0.3330, 0.5785, 0.8890, 0.6920
0.5696, 0.2780, 0.8092, 0.8150, 0.8460, 0.5000, 0.6116, 0.9230, 0.8300
0.5686, 0.0810, 0.5574, 0.4420, 0.2900, 0.2000, 0.1982, 0.7140, 0.2950
0.5686, 0.0900, 0.6979, 0.6590, 0.4290, 0.3330, 0.3267, 0.8330, 0.5390
0.5665, 0.2130, 0.8092, 0.8150, 0.6690, 0.5000, 0.3210, 0.9230, 0.6970
0.5644, 0.1030, 0.4651, 0.2960, 0.3770, 0.1430, 0.2274, 0.6250, 0.2190
0.5644, 0.1740, 0.6979, 0.6670, 0.7150, 0.3330, 0.5122, 0.8570, 0.6540
0.5634, 0.2620, 0.6187, 0.5490, 0.8260, 0.2500, 0.5754, 0.8420, 0.5970
0.5613, 1.0000, 1.0000, 1.0000, 1.0000, 1.0000, 0.7375, 1.0000, 1.0000
0.5613, 0.1040, 0.6979, 0.6590, 0.4680, 0.3330, 0.3267, 0.8330, 0.5390
0.5593, 0.1810, 0.8092, 0.8180, 0.7220, 0.5000, 0.5034, 0.9330, 0.7870
0.5593, 0.0900, 0.4283, 0.2330, 0.3820, 0.1250, 0.2699, 0.5330, 0.2240
0.5593, 0.3980, 0.6979, 0.6700, 0.9000, 0.3330, 0.5879, 0.9090, 0.6970
0.5582, 0.1140, 0.6187, 0.5460, 0.3760, 0.2500, 0.2007, 0.8000, 0.3540
0.5582, 0.1010, 0.6187, 0.5480, 0.3450, 0.2500, 0.2007, 0.7060, 0.3590
0.5561, 0.1220, 0.6979, 0.6590, 0.5750, 0.3330, 0.4179, 0.8330, 0.5970
0.5561, 0.1340, 0.6187, 0.5460, 0.6540, 0.2500, 0.5266, 0.8000, 0.5110
0.5541, 0.4620, 0.6979, 0.6700, 0.9500, 0.3330, 0.9457, 0.9170, 0.8530
0.5541, 0.1370, 0.5074, 0.3680, 0.7060, 0.1670, 0.6521, 0.7830, 0.5210
0.5530, 0.2430, 0.5574, 0.4490, 0.8080, 0.2000, 0.5628, 0.6670, 0.5190
0.5530, 0.1000, 0.6979, 0.6350, 0.5210, 0.3330, 0.4929, 0.8000, 0.6430
0.5489, 0.6010, 0.8092, 0.8150, 0.9630, 0.5000, 0.7524, 0.9230, 0.8760
0.5457, 0.3440, 0.6979, 0.6700, 0.8970, 0.3330, 0.7172, 0.9000, 0.7630
0.5437, 0.1230, 0.6979, 0.6590, 0.6780, 0.3330, 0.6439, 0.8330, 0.6780
0.5437, 1.0000, 1.0000, 0.9990, 1.0000, 1.0000, 0.6650, 1.0000, 1.0000
0.5426, 0.2060, 0.6979, 0.6700, 0.7980, 0.3330, 0.6541, 0.8890, 0.7320
0.5426, 0.0650, 0.3958, 0.1680, 0.2680, 0.1110, 0.2252, 0.4710, 0.1830
0.5353, 0.1570, 0.6187, 0.5490, 0.7380, 0.2500, 0.6521, 0.8570, 0.6440
0.5353, 0.1810, 0.6979, 0.6700, 0.7880, 0.3330, 0.7253, 0.9090, 0.7670
0.5353, 0.4050, 0.6979, 0.6700, 0.9280, 0.3330, 0.8140, 0.8890, 0.8050
0.5353, 0.0680, 0.3670, 0.1380, 0.2760, 0.1000, 0.2252, 0.4000, 0.1660
0.5353, 0.1180, 0.5574, 0.4470, 0.6220, 0.2000, 0.5266, 0.7620, 0.4400
0.5333, 0.3800, 0.6979, 0.6700, 0.9270, 0.3330, 0.8902, 0.9000, 0.8340
0.5333, 0.3020, 0.8092, 0.8190, 0.8750, 0.5000, 0.6958, 0.9520, 0.8590
0.5333, 0.0990, 0.6979, 0.6590, 0.5850, 0.3330, 0.5536, 0.8330, 0.6780
0.5281, 0.1200, 0.5574, 0.4470, 0.5650, 0.2000, 0.4085, 0.7500, 0.4190
0.5281, 0.2610, 0.6979, 0.6670, 0.7000, 0.3330, 0.3442, 0.8570, 0.5500
0.5281, 0.2940, 0.8092, 0.8150, 0.8860, 0.5000, 0.7991, 0.9230, 0.8880
0.5281, 0.1430, 0.6187, 0.5460, 0.6690, 0.2500, 0.5211, 0.8000, 0.5630
0.5281, 0.1040, 0.5074, 0.3480, 0.5060, 0.1670, 0.3770, 0.6150, 0.3210
0.5198, 1.0000, 1.0000, 0.9990, 1.0000, 1.0000, 0.6611, 1.0000, 1.0000
0.5198, 0.1100, 0.6187, 0.5400, 0.5570, 0.2500, 0.4361, 0.7690, 0.5080
0.5198, 0.0570, 0.4283, 0.2450, 0.2120, 0.1250, 0.1912, 0.6320, 0.1900
0.5198, 0.1250, 0.6979, 0.6350, 0.5240, 0.3330, 0.3308, 0.8000, 0.5410
0.5198, 0.3510, 0.6187, 0.5490, 0.8890, 0.2500, 0.6356, 0.8700, 0.6340
0.5198, 0.2870, 0.6979, 0.6590, 0.8200, 0.3330, 0.4854, 0.8330, 0.6380
0.5198, 0.1830, 0.6187, 0.5490, 0.7540, 0.2500, 0.5879, 0.8700, 0.6050
0.5198, 0.1170, 0.6187, 0.5460, 0.6290, 0.2500, 0.5526, 0.8000, 0.5830
0.5125, 0.0610, 0.4283, 0.2330, 0.2230, 0.1250, 0.2005, 0.5330, 0.1840
0.5125, 0.0790, 0.5574, 0.4420, 0.4090, 0.2000, 0.3484, 0.7140, 0.3820
0.5125, 0.0690, 0.3958, 0.1990, 0.3960, 0.1110, 0.3784, 0.5560, 0.2500
0.5125, 0.0740, 0.4651, 0.3000, 0.4410, 0.1430, 0.4252, 0.6670, 0.2740
0.5114, 0.1330, 0.6187, 0.5490, 0.5800, 0.2500, 0.3884, 0.6320, 0.4770
0.5114, 0.2030, 0.6979, 0.6700, 0.8160, 0.3330, 0.7493, 0.9000, 0.7710
0.5114, 0.2790, 0.8092, 0.8180, 0.8470, 0.5000, 0.6179, 0.9410, 0.8330
0.5114, 0.0490, 0.4283, 0.1320, 0.0770, 0.1250, 0.0689, 0.3640, 0.1460
0.5062, 0.2050, 0.6979, 0.6690, 0.7720, 0.3330, 0.5640, 0.8750, 0.6840
0.5062, 0.1100, 0.6979, 0.6590, 0.4840, 0.3330, 0.3267, 0.8330, 0.5390
0.5042, 0.1680, 0.6979, 0.6690, 0.7350, 0.3330, 0.5903, 0.8750, 0.6980
0.5042, 0.1230, 0.6187, 0.5490, 0.5820, 0.2500, 0.4272, 0.6320, 0.5030
0.5042, 0.1420, 0.6187, 0.5460, 0.4360, 0.2500, 0.2801, 0.8000, 0.4020
0.5021, 0.0950, 0.6187, 0.5480, 0.3290, 0.2500, 0.2007, 0.7060, 0.3590
0.4990, 0.1200, 0.5574, 0.4490, 0.6420, 0.2000, 0.5640, 0.7780, 0.5190
0.4969, 0.1160, 0.6187, 0.5400, 0.5360, 0.2500, 0.3784, 0.7690, 0.4710
0.4958, 0.2690, 0.6187, 0.5490, 0.8550, 0.2500, 0.6883, 0.9090, 0.6650
0.4958, 0.0950, 0.6187, 0.5400, 0.5150, 0.2500, 0.4361, 0.7690, 0.5080
0.4958, 0.1020, 0.5574, 0.4250, 0.3750, 0.2000, 0.2699, 0.6670, 0.3110
0.4958, 0.1030, 0.6187, 0.5400, 0.4940, 0.2500, 0.3665, 0.7690, 0.4630
0.4906, 0.0970, 0.3958, 0.2010, 0.4460, 0.1110, 0.3210, 0.6000, 0.2230
0.4906, 0.1290, 0.6187, 0.5400, 0.5570, 0.2500, 0.3665, 0.7690, 0.4630
0.4906, 0.0820, 0.6979, 0.6690, 0.2940, 0.3330, 0.2007, 0.7500, 0.4570
0.4865, 0.2960, 0.6979, 0.6700, 0.8830, 0.3330, 0.7672, 0.8890, 0.7860
0.4865, 0.0620, 0.5574, 0.4420, 0.2340, 0.2000, 0.1982, 0.7140, 0.2950
0.4865, 0.0520, 0.4651, 0.1620, 0.0810, 0.1430, 0.0689, 0.4000, 0.1660
0.4865, 0.0630, 0.3670, 0.0890, 0.0970, 0.1000, 0.0689, 0.3080, 0.1170
0.4834, 0.1570, 0.4651, 0.3010, 0.7040, 0.1430, 0.5497, 0.5450, 0.4100
0.4813, 0.0970, 0.6187, 0.5490, 0.5510, 0.2500, 0.4909, 0.6320, 0.5440
0.4802, 1.0000, 1.0000, 0.9990, 1.0000, 1.0000, 0.6630, 1.0000, 1.0000
0.4761, 0.2760, 0.8092, 0.8180, 0.8040, 0.5000, 0.4649, 0.9410, 0.7700
0.4751, 0.0670, 0.4651, 0.3010, 0.3250, 0.1430, 0.2869, 0.6000, 0.2190
0.4699, 0.0760, 0.6187, 0.5400, 0.4050, 0.2500, 0.3784, 0.7690, 0.4710
0.4699, 0.2860, 0.6187, 0.5490, 0.8200, 0.2500, 0.4916, 0.6670, 0.5440
0.4678, 0.1270, 0.5574, 0.4490, 0.5910, 0.2000, 0.4272, 0.6000, 0.4310
0.4657, 0.1130, 0.5574, 0.4490, 0.6190, 0.2000, 0.5497, 0.7780, 0.5100
0.4626, 0.0920, 0.6979, 0.6590, 0.4710, 0.3330, 0.3784, 0.8330, 0.5720
0.4626, 0.1390, 0.5074, 0.3680, 0.7110, 0.1670, 0.6521, 0.7830, 0.5210
0.4626, 0.3690, 0.8092, 0.8190, 0.8920, 0.5000, 0.6085, 0.9470, 0.8290
0.4595, 0.0640, 0.3958, 0.1380, 0.2790, 0.1110, 0.2454, 0.4000, 0.1740
0.4595, 0.1290, 0.5574, 0.4250, 0.6050, 0.2000, 0.4450, 0.6670, 0.3450
0.4574, 0.1700, 0.6979, 0.6690, 0.7710, 0.3330, 0.7078, 0.8750, 0.7580
0.4543, 0.0580, 0.3408, 0.0920, 0.2910, 0.0910, 0.2869, 0.3530, 0.1610
0.4543, 0.0590, 0.4283, 0.2460, 0.2260, 0.1250, 0.2007, 0.5710, 0.1940
0.4522, 0.0760, 0.4283, 0.2060, 0.2730, 0.1250, 0.1976, 0.4620, 0.1930
0.4501, 0.1290, 0.6187, 0.5480, 0.6280, 0.2500, 0.4913, 0.8240, 0.5440
0.4449, 0.0890, 0.5074, 0.3670, 0.5030, 0.1670, 0.4476, 0.7370, 0.3900
0.4449, 0.1200, 0.6187, 0.5490, 0.6730, 0.2500, 0.6490, 0.8420, 0.6420
0.4449, 0.0700, 0.3670, 0.1570, 0.1830, 0.1000, 0.1317, 0.4710, 0.1350
0.4449, 0.1140, 0.6187, 0.5200, 0.6020, 0.2500, 0.5059, 0.7270, 0.5530
0.4449, 0.0880, 0.4651, 0.3010, 0.3090, 0.1430, 0.2007, 0.6000, 0.2190
0.4418, 0.0750, 0.5574, 0.4490, 0.2750, 0.2000, 0.2007, 0.6670, 0.2960
0.4418, 0.2420, 0.5074, 0.3680, 0.7940, 0.1670, 0.5182, 0.7620, 0.4340
0.4418, 0.0810, 0.6187, 0.5400, 0.4270, 0.2500, 0.3641, 0.7690, 0.4620
0.4366, 0.1340, 0.5574, 0.4490, 0.6390, 0.2000, 0.4909, 0.6670, 0.4170
0.4366, 0.1110, 0.5574, 0.4490, 0.6170, 0.2000, 0.5574, 0.7780, 0.5150
0.4335, 0.6400, 0.6187, 0.5490, 0.9640, 0.2500, 0.6534, 0.8570, 0.6450
0.4335, 0.2900, 0.8092, 0.8190, 0.8730, 0.5000, 0.7252, 0.9470, 0.8680
0.4335, 0.0930, 0.4651, 0.2960, 0.4750, 0.1430, 0.3784, 0.6250, 0.3080
0.4335, 0.3980, 0.6979, 0.6700, 0.9000, 0.3330, 0.5879, 0.9090, 0.6970
0.4335, 0.5050, 0.8092, 0.8190, 0.9450, 0.5000, 0.7252, 0.9470, 0.8680
0.4293, 0.1110, 0.6979, 0.6690, 0.3680, 0.3330, 0.2007, 0.7500, 0.4570
0.4293, 0.1000, 0.5574, 0.4420, 0.4810, 0.2000, 0.4243, 0.7140, 0.4290
0.4293, 0.1000, 0.5574, 0.4250, 0.4520, 0.2000, 0.3359, 0.6670, 0.3450
0.4262, 0.1110, 0.6187, 0.5400, 0.5590, 0.2500, 0.4361, 0.7690, 0.5080
0.4210, 0.1110, 0.6187, 0.5460, 0.4980, 0.2500, 0.3784, 0.8000, 0.4480
0.4210, 0.1160, 0.6979, 0.6690, 0.6430, 0.3330, 0.6070, 0.8750, 0.7070
0.4210, 0.1830, 0.6187, 0.5490, 0.8110, 0.2500, 0.8265, 0.8570, 0.6810
0.4179, 0.0650, 0.4283, 0.2330, 0.3030, 0.1250, 0.2699, 0.5330, 0.2240
0.4158, 0.0780, 0.6979, 0.6590, 0.3920, 0.3330, 0.3267, 0.8330, 0.5390
0.4158, 0.0890, 0.5574, 0.4420, 0.4540, 0.2000, 0.3665, 0.7140, 0.3930
0.4127, 0.0910, 0.4283, 0.2430, 0.4680, 0.1250, 0.3784, 0.5880, 0.2760
0.4127, 0.0890, 0.5074, 0.3070, 0.3380, 0.1670, 0.2252, 0.5450, 0.2640
0.4127, 0.2060, 0.6187, 0.5480, 0.7540, 0.2500, 0.5082, 0.8240, 0.5550
0.4127, 0.0720, 0.4283, 0.2460, 0.4650, 0.1250, 0.4805, 0.6670, 0.3320
0.4085, 0.0920, 0.6979, 0.6590, 0.4700, 0.3330, 0.3784, 0.8330, 0.5720
0.4085, 0.0670, 0.4651, 0.2510, 0.2900, 0.1430, 0.2454, 0.5000, 0.2400
0.4075, 0.0790, 0.5074, 0.3480, 0.4630, 0.1670, 0.4344, 0.6150, 0.3820
0.4075, 0.0800, 0.5574, 0.4490, 0.2880, 0.2000, 0.2007, 0.6670, 0.2960
0.4033, 0.1390, 0.6187, 0.5480, 0.6730, 0.2500, 0.5493, 0.8240, 0.5810
0.4033, 0.0760, 0.5574, 0.4490, 0.2760, 0.2000, 0.2007, 0.6670, 0.2960
0.4033, 0.0750, 0.3958, 0.1990, 0.4160, 0.1110, 0.3784, 0.5560, 0.2500
0.3981, 0.1030, 0.3958, 0.1990, 0.5040, 0.1110, 0.3784, 0.5560, 0.2500
0.3971, 0.3600, 0.6979, 0.6700, 0.8930, 0.3330, 0.6395, 0.9090, 0.7240
0.3971, 0.0820, 0.3958, 0.1990, 0.4390, 0.1110, 0.3784, 0.5560, 0.2500
0.3971, 0.0870, 0.5074, 0.3620, 0.4560, 0.1670, 0.3784, 0.6670, 0.3480
0.3950, 0.0970, 0.5574, 0.4490, 0.5860, 0.2000, 0.5688, 0.8000, 0.5230
0.3929, 0.1320, 0.6979, 0.6670, 0.6490, 0.3330, 0.5211, 0.8570, 0.6590
0.3929, 0.1200, 0.5574, 0.4490, 0.6740, 0.2000, 0.6486, 0.8000, 0.5740
0.3929, 0.0820, 0.4651, 0.2960, 0.4390, 0.1430, 0.3784, 0.6250, 0.3080
0.3919, 0.1100, 0.5574, 0.4250, 0.5940, 0.2000, 0.5059, 0.6670, 0.4820
0.3898, 0.2860, 0.8092, 0.8190, 0.8830, 0.5000, 0.8084, 0.9600, 0.8910
0.3877, 0.1340, 0.4651, 0.3000, 0.6370, 0.1430, 0.4861, 0.6670, 0.3700
0.3877, 0.1240, 0.6187, 0.5400, 0.6640, 0.2500, 0.5974, 0.7690, 0.6110
0.3877, 0.1060, 0.5074, 0.3660, 0.6140, 0.1670, 0.5781, 0.7060, 0.4730
0.3877, 0.1320, 0.6187, 0.5460, 0.6690, 0.2500, 0.5739, 0.8000, 0.5970
0.3867, 0.0920, 0.4283, 0.2430, 0.4720, 0.1250, 0.3784, 0.5880, 0.2760
0.3867, 0.1320, 0.5574, 0.4470, 0.6530, 0.2000, 0.5334, 0.7500, 0.5000
0.3867, 0.1810, 0.4651, 0.3010, 0.7250, 0.1430, 0.5135, 0.7000, 0.3870
0.3825, 0.0560, 0.2053, 0.0000, 0.0000, 0.0560, 0.0000, 0.1050, 0.0560
0.3794, 0.0680, 0.3958, 0.1990, 0.2520, 0.1110, 0.1982, 0.5560, 0.1730
0.3794, 0.0810, 0.5574, 0.4490, 0.2920, 0.2000, 0.2007, 0.6670, 0.2960
0.3794, 0.0820, 0.4283, 0.2430, 0.4410, 0.1250, 0.3784, 0.5880, 0.2760
0.3794, 0.0630, 0.4651, 0.2510, 0.2270, 0.1430, 0.1976, 0.5330, 0.2180
0.3794, 0.2120, 0.6187, 0.5480, 0.7990, 0.2500, 0.6386, 0.8240, 0.6360
0.3794, 0.1980, 0.6979, 0.6700, 0.7700, 0.3330, 0.5814, 0.9000, 0.6930
0.3773, 0.0700, 0.4283, 0.2450, 0.3070, 0.1250, 0.2801, 0.6320, 0.2280
0.3773, 0.1450, 0.6187, 0.5400, 0.6830, 0.2500, 0.5443, 0.7690, 0.5780
0.3773, 0.2380, 0.6979, 0.6690, 0.8160, 0.3330, 0.6103, 0.8750, 0.7090
0.3763, 0.0800, 0.4283, 0.2330, 0.4000, 0.1250, 0.3308, 0.5330, 0.2520
0.3711, 0.0770, 0.3958, 0.1990, 0.4240, 0.1110, 0.3784, 0.5560, 0.2500
0.3711, 0.3400, 0.6187, 0.5490, 0.8790, 0.2500, 0.6048, 0.8420, 0.6160
0.3711, 0.0720, 0.5574, 0.4490, 0.2650, 0.2000, 0.2007, 0.6670, 0.2960
0.3690, 0.0650, 0.4283, 0.2430, 0.3790, 0.1250, 0.3784, 0.5880, 0.2760
0.3690, 0.0910, 0.4651, 0.2850, 0.3750, 0.1430, 0.2589, 0.5710, 0.2460
0.3690, 0.2610, 0.6187, 0.5490, 0.8420, 0.2500, 0.6464, 0.8890, 0.6410
0.3690, 0.1470, 0.6187, 0.5400, 0.5330, 0.2500, 0.2830, 0.7690, 0.4100
0.3690, 0.0810, 0.5074, 0.3670, 0.2810, 0.1670, 0.2007, 0.6320, 0.2520
0.3638, 0.1700, 0.5574, 0.4490, 0.7310, 0.2000, 0.5688, 0.8000, 0.5230
0.3617, 0.1880, 0.6979, 0.6690, 0.7300, 0.3330, 0.5019, 0.8750, 0.6480
0.3617, 0.1450, 0.5074, 0.3670, 0.6600, 0.1670, 0.4909, 0.6320, 0.3380
0.3617, 0.0710, 0.3670, 0.1640, 0.3370, 0.1000, 0.2869, 0.5710, 0.1740
0.3607, 0.2030, 0.6979, 0.6700, 0.7660, 0.3330, 0.5547, 0.8000, 0.6780
0.3555, 0.0910, 0.5574, 0.4490, 0.4950, 0.2000, 0.4221, 0.6000, 0.4280
0.3555, 0.1040, 0.6979, 0.6690, 0.5660, 0.3330, 0.4801, 0.8750, 0.6350
0.3555, 0.1470, 0.6187, 0.5400, 0.6790, 0.2500, 0.5273, 0.7690, 0.4710
0.3555, 0.0670, 0.3670, 0.1380, 0.3020, 0.1000, 0.2611, 0.4000, 0.1800
0.3555, 0.2180, 0.8092, 0.8190, 0.8230, 0.5000, 0.7152, 0.9520, 0.8650
0.3555, 0.1170, 0.6187, 0.5460, 0.6170, 0.2500, 0.5211, 0.8000, 0.5630
0.3534, 0.0810, 0.5074, 0.3620, 0.4130, 0.1670, 0.3421, 0.6670, 0.2580
0.3534, 0.0750, 0.4283, 0.2430, 0.2720, 0.1250, 0.1982, 0.5880, 0.1930
0.3534, 0.1550, 0.6979, 0.6700, 0.6650, 0.3330, 0.4649, 0.8890, 0.6260
0.3534, 0.0720, 0.4283, 0.1380, 0.3170, 0.1250, 0.2869, 0.5450, 0.1900
0.3462, 0.2730, 0.6979, 0.6700, 0.7870, 0.3330, 0.4221, 0.7060, 0.5990
0.3462, 0.0920, 0.5574, 0.4470, 0.4480, 0.2000, 0.3421, 0.7500, 0.3780
0.3462, 0.2010, 0.6979, 0.6690, 0.8060, 0.3330, 0.7078, 0.8750, 0.7580
0.3462, 0.1300, 0.6187, 0.5460, 0.6740, 0.2500, 0.5915, 0.8000, 0.6070
0.3462, 0.1790, 0.5074, 0.3480, 0.6780, 0.1670, 0.4157, 0.6150, 0.3700
0.3462, 0.1630, 0.8092, 0.8180, 0.6780, 0.5000, 0.4649, 0.9410, 0.7700
0.3462, 0.0990, 0.6979, 0.6670, 0.5720, 0.3330, 0.5211, 0.8570, 0.6590
0.3462, 0.1140, 0.5074, 0.3670, 0.6310, 0.1670, 0.5747, 0.7370, 0.4710
0.3462, 0.0980, 0.5574, 0.4470, 0.4630, 0.2000, 0.3421, 0.7500, 0.3780
0.3462, 0.1180, 0.5574, 0.4490, 0.5680, 0.2000, 0.4221, 0.6320, 0.4280
0.3399, 0.0660, 0.4283, 0.2430, 0.2450, 0.1250, 0.1982, 0.5880, 0.1930
0.3399, 0.1610, 0.6187, 0.5490, 0.7500, 0.2500, 0.6713, 0.8700, 0.6560
0.3399, 0.0770, 0.5074, 0.3680, 0.4540, 0.1670, 0.4272, 0.6000, 0.3770
0.3378, 0.0800, 0.4283, 0.2330, 0.4380, 0.1250, 0.3876, 0.6000, 0.2810
0.3378, 0.0840, 0.4651, 0.3010, 0.2990, 0.1430, 0.2007, 0.6000, 0.2190
0.3358, 0.0690, 0.3670, 0.1570, 0.1800, 0.1000, 0.1317, 0.4710, 0.1350
0.3326, 0.0960, 0.5574, 0.4490, 0.4640, 0.2000, 0.3504, 0.7780, 0.3830
0.3295, 0.3460, 0.6979, 0.6700, 0.9170, 0.3330, 0.8961, 0.9090, 0.8370
0.3295, 0.0750, 0.4283, 0.2430, 0.3490, 0.1250, 0.2830, 0.5880, 0.2290
0.3295, 0.0980, 0.6187, 0.5480, 0.5830, 0.2500, 0.5497, 0.8240, 0.5810
0.3254, 0.0780, 0.5574, 0.3750, 0.3970, 0.2000, 0.3359, 0.6670, 0.3240
0.3254, 0.1540, 0.5574, 0.4490, 0.7640, 0.2000, 0.7639, 0.7780, 0.6450
0.3254, 0.0860, 0.4651, 0.2960, 0.4520, 0.1430, 0.3784, 0.6250, 0.3080
0.3243, 0.1360, 0.6187, 0.5400, 0.6520, 0.2500, 0.5130, 0.7690, 0.5580
0.3243, 0.1040, 0.5574, 0.4490, 0.5830, 0.2000, 0.5158, 0.7780, 0.4880
0.3222, 0.6680, 0.8092, 0.8190, 0.9730, 0.5000, 0.7779, 0.9470, 0.8830
0.3222, 0.0800, 0.5574, 0.4490, 0.4990, 0.2000, 0.4909, 0.6000, 0.4720
0.3222, 0.0750, 0.5574, 0.4420, 0.4160, 0.2000, 0.3784, 0.7140, 0.4000
0.3222, 0.1520, 0.6979, 0.6700, 0.6600, 0.3330, 0.4649, 0.8890, 0.6260
0.3222, 0.0960, 0.6187, 0.5460, 0.4530, 0.2500, 0.4035, 0.8000, 0.4870
0.3170, 0.2610, 0.6979, 0.6670, 0.6110, 0.3330, 0.1912, 0.8570, 0.4510
0.3170, 0.0860, 0.5574, 0.4420, 0.4220, 0.2000, 0.3341, 0.5710, 0.3730
0.3150, 0.0780, 0.5574, 0.4470, 0.3570, 0.2000, 0.2801, 0.7500, 0.3410
0.3150, 0.0490, 0.3169, 0.0490, 0.0580, 0.0830, 0.0512, 0.2500, 0.0870
0.3139, 0.0620, 0.4651, 0.2960, 0.2200, 0.1430, 0.1982, 0.6250, 0.2180
0.3139, 0.2560, 0.8092, 0.8150, 0.8440, 0.5000, 0.6766, 0.9230, 0.8530
0.3139, 0.1730, 0.6187, 0.5490, 0.7240, 0.2500, 0.5379, 0.5710, 0.5740
0.3139, 0.1570, 0.3958, 0.2020, 0.7230, 0.1110, 0.6039, 0.7500, 0.3750
0.3119, 0.1010, 0.4651, 0.2960, 0.4880, 0.1430, 0.3641, 0.6250, 0.3000
0.3098, 0.1240, 0.6979, 0.6690, 0.3970, 0.3330, 0.2007, 0.7500, 0.4570
0.3098, 0.0730, 0.5074, 0.3620, 0.4530, 0.1670, 0.4538, 0.6670, 0.3940
0.3067, 0.0730, 0.5074, 0.3660, 0.3850, 0.1670, 0.3421, 0.7060, 0.3270
0.3067, 0.2700, 0.6979, 0.6590, 0.8430, 0.3330, 0.6249, 0.8570, 0.6280
0.3046, 0.1940, 0.5574, 0.4490, 0.7940, 0.2000, 0.6883, 0.8820, 0.5990
0.3046, 0.2420, 0.8092, 0.8190, 0.8280, 0.5000, 0.6486, 0.9520, 0.8430
0.3035, 0.1050, 0.3958, 0.1910, 0.4580, 0.1110, 0.3104, 0.5000, 0.2190
0.2994, 0.3220, 0.6979, 0.6700, 0.8840, 0.3330, 0.6924, 0.8890, 0.7510
0.2994, 0.0600, 0.3670, 0.1380, 0.2970, 0.1000, 0.2869, 0.4000, 0.1900
0.2994, 0.1670, 0.6187, 0.5460, 0.6540, 0.2500, 0.4035, 0.8000, 0.4870
0.2994, 0.0940, 0.6979, 0.6590, 0.4790, 0.3330, 0.3784, 0.8330, 0.5720
0.2963, 0.0690, 0.3408, 0.0920, 0.3320, 0.0910, 0.2869, 0.3530, 0.1610
0.2911, 0.0760, 0.5574, 0.4490, 0.4600, 0.2000, 0.4421, 0.7780, 0.4410
0.2911, 0.0540, 0.4283, 0.2460, 0.2110, 0.1250, 0.2007, 0.5710, 0.1940
0.2911, 0.1220, 0.6187, 0.5460, 0.6500, 0.2500, 0.5739, 0.8000, 0.5970
0.2890, 0.3320, 0.6979, 0.6700, 0.9090, 0.3330, 0.8680, 0.9170, 0.8260
0.2890, 0.0730, 0.6979, 0.6690, 0.2690, 0.3330, 0.2007, 0.7500, 0.4570
0.2859, 0.1580, 0.6979, 0.6690, 0.7200, 0.3330, 0.5903, 0.8750, 0.6980
0.2859, 0.0900, 0.4283, 0.2450, 0.4400, 0.1250, 0.3421, 0.6320, 0.2580
0.2827, 0.1130, 0.4651, 0.3010, 0.6570, 0.1430, 0.6455, 0.7500, 0.4710
0.2807, 0.1530, 0.6187, 0.5480, 0.7560, 0.2500, 0.7357, 0.8240, 0.6920
0.2786, 0.1320, 0.5574, 0.4490, 0.6970, 0.2000, 0.6486, 0.7780, 0.5180
0.2775, 0.1290, 0.5574, 0.4470, 0.6450, 0.2000, 0.5266, 0.7620, 0.4400
0.2755, 0.1670, 0.6979, 0.6690, 0.6760, 0.3330, 0.4476, 0.8750, 0.6150
0.2734, 0.3330, 0.8092, 0.8190, 0.8720, 0.5000, 0.5867, 0.9470, 0.8210
0.2723, 0.1590, 0.5074, 0.3670, 0.6830, 0.1670, 0.4909, 0.6320, 0.3730
0.2723, 0.0810, 0.5074, 0.3670, 0.2910, 0.1670, 0.2007, 0.6320, 0.2520
0.2723, 0.2880, 0.6979, 0.6700, 0.8670, 0.3330, 0.6904, 0.9230, 0.7500
0.2723, 0.0860, 0.6187, 0.5400, 0.3020, 0.2500, 0.1982, 0.7690, 0.3580
0.2682, 0.1030, 0.6187, 0.5400, 0.6080, 0.2500, 0.5814, 0.7830, 0.4750
0.2682, 0.1860, 0.6187, 0.5460, 0.6850, 0.2500, 0.4085, 0.8000, 0.4900
0.2682, 0.1750, 0.5574, 0.4420, 0.6860, 0.2000, 0.4438, 0.7140, 0.4420
0.2672, 0.0790, 0.5074, 0.3660, 0.3590, 0.1670, 0.2801, 0.7060, 0.2930
0.2672, 0.0830, 0.4651, 0.3000, 0.3720, 0.1430, 0.2801, 0.6670, 0.2560
0.2630, 0.0850, 0.5574, 0.4470, 0.3760, 0.2000, 0.3504, 0.7500, 0.3410
0.2630, 0.0940, 0.4651, 0.2960, 0.4760, 0.1430, 0.3784, 0.6250, 0.3080
0.2630, 0.1570, 0.5574, 0.4420, 0.6840, 0.2000, 0.5003, 0.7140, 0.4780
0.2630, 0.1660, 0.5074, 0.3670, 0.7130, 0.1670, 0.5384, 0.6320, 0.4030
0.2568, 0.1470, 0.6979, 0.6700, 0.7150, 0.3330, 0.6952, 0.9000, 0.7520
0.2568, 0.1150, 0.6979, 0.6670, 0.6120, 0.3330, 0.5211, 0.8570, 0.6590
0.2568, 0.0990, 0.4651, 0.2850, 0.4420, 0.1430, 0.3104, 0.5710, 0.2720
0.2547, 0.1200, 0.5574, 0.4420, 0.5750, 0.2000, 0.4242, 0.7140, 0.4290
0.2516, 0.0530, 0.3670, 0.1630, 0.2050, 0.1000, 0.1982, 0.5260, 0.1570
0.2474, 0.2190, 0.6979, 0.6670, 0.8160, 0.3330, 0.6796, 0.8570, 0.7450
0.2474, 0.1450, 0.3670, 0.1570, 0.6020, 0.1000, 0.3843, 0.4710, 0.2320
0.2474, 0.1520, 0.5574, 0.4490, 0.7610, 0.2000, 0.7639, 0.8670, 0.6450
0.2474, 0.0900, 0.5574, 0.4250, 0.3830, 0.2000, 0.2699, 0.6670, 0.3350
0.2474, 0.1450, 0.4283, 0.2470, 0.6470, 0.1250, 0.4654, 0.7590, 0.3230
0.2474, 0.0790, 0.3958, 0.1990, 0.2840, 0.1110, 0.1982, 0.5560, 0.1730
0.2464, 0.1850, 0.5574, 0.4490, 0.7280, 0.2000, 0.5091, 0.7780, 0.4440
0.2464, 0.0900, 0.4651, 0.3010, 0.5170, 0.1430, 0.4654, 0.7860, 0.3580
0.2443, 0.1250, 0.5574, 0.4420, 0.5310, 0.2000, 0.3421, 0.7140, 0.2950
0.2443, 0.1050, 0.3670, 0.1380, 0.4400, 0.1000, 0.2869, 0.4000, 0.1900
0.2443, 0.0560, 0.3408, 0.1330, 0.2820, 0.0910, 0.2830, 0.5000, 0.1730
0.2443, 0.0760, 0.5574, 0.4420, 0.4190, 0.2000, 0.3784, 0.7140, 0.4000
0.2412, 0.1130, 0.6979, 0.6690, 0.5880, 0.3330, 0.4801, 0.8750, 0.6350
0.2412, 0.0630, 0.4651, 0.2960, 0.2350, 0.1430, 0.1982, 0.6250, 0.2180
0.2391, 0.3250, 0.6979, 0.6700, 0.8830, 0.3330, 0.6750, 0.6000, 0.7430
0.2391, 0.1850, 0.6979, 0.6670, 0.7220, 0.3330, 0.5211, 0.8570, 0.6590
0.2391, 0.0650, 0.5574, 0.4420, 0.2420, 0.2000, 0.1982, 0.7140, 0.2950
0.2360, 0.0560, 0.3408, 0.0730, 0.0870, 0.0910, 0.0689, 0.2860, 0.1070
0.2360, 0.0830, 0.5574, 0.4420, 0.5250, 0.2000, 0.5252, 0.7140, 0.4940
0.2339, 0.0680, 0.3958, 0.2010, 0.3210, 0.1110, 0.2801, 0.6000, 0.2050
0.2308, 0.1800, 0.6979, 0.6690, 0.6830, 0.3330, 0.4252, 0.7780, 0.4990
0.2287, 0.2850, 0.6979, 0.6690, 0.8500, 0.3330, 0.6103, 0.8750, 0.7090
0.2287, 0.1230, 0.5574, 0.3750, 0.4440, 0.2000, 0.2868, 0.6000, 0.3210
0.2287, 0.0620, 0.5574, 0.4420, 0.2340, 0.2000, 0.1982, 0.7140, 0.2950
0.2235, 0.0830, 0.4283, 0.2460, 0.2970, 0.1250, 0.2007, 0.5710, 0.1940
0.2183, 0.0560, 0.3408, 0.0730, 0.0660, 0.0910, 0.0512, 0.2860, 0.1030
0.2162, 0.0700, 0.3169, 0.0920, 0.3330, 0.0830, 0.2869, 0.3530, 0.1610
0.2162, 0.0760, 0.5574, 0.4490, 0.2760, 0.2000, 0.2007, 0.6670, 0.2960
0.2152, 0.1220, 0.5574, 0.4250, 0.5170, 0.2000, 0.3308, 0.6670, 0.3710
0.2152, 0.1890, 0.8092, 0.8180, 0.7140, 0.5000, 0.4601, 0.9330, 0.7680
0.2100, 0.1320, 0.6979, 0.6700, 0.6950, 0.3330, 0.6439, 0.8330, 0.7270
0.2079, 0.0590, 0.3670, 0.1630, 0.2230, 0.1000, 0.1982, 0.5260, 0.1570
0.2058, 0.0990, 0.5074, 0.3670, 0.4990, 0.1670, 0.3884, 0.6320, 0.2810
0.2048, 0.0930, 0.6187, 0.5460, 0.5140, 0.2500, 0.4421, 0.8000, 0.4480
0.2048, 0.0870, 0.5574, 0.4490, 0.5160, 0.2000, 0.4801, 0.7780, 0.4650
0.2048, 0.3100, 0.5574, 0.4490, 0.8810, 0.2000, 0.7055, 0.8180, 0.6090
0.2027, 0.1160, 0.6187, 0.5460, 0.6440, 0.2500, 0.5915, 0.7500, 0.6070
0.2027, 0.0760, 0.4283, 0.2460, 0.2760, 0.1250, 0.2007, 0.5710, 0.1940
0.1975, 0.0820, 0.5574, 0.4420, 0.4640, 0.2000, 0.4157, 0.7140, 0.4240
0.1975, 0.0690, 0.4283, 0.2450, 0.3720, 0.1250, 0.3421, 0.6320, 0.2580
0.1975, 0.0840, 0.4651, 0.2960, 0.3550, 0.1430, 0.2589, 0.6250, 0.2460
0.1975, 0.3440, 0.8092, 0.8190, 0.8780, 0.5000, 0.5867, 0.9470, 0.8210
0.1975, 0.0880, 0.6187, 0.5480, 0.3110, 0.2500, 0.2007, 0.7060, 0.3590
0.1975, 0.1910, 0.6187, 0.5480, 0.7290, 0.2500, 0.4909, 0.7060, 0.4170
0.1954, 0.2200, 0.6979, 0.6590, 0.7690, 0.3330, 0.5060, 0.8330, 0.6500
0.1954, 0.0630, 0.5074, 0.3670, 0.2380, 0.1670, 0.2007, 0.6320, 0.2520
0.1871, 0.1540, 0.6979, 0.6690, 0.6760, 0.3330, 0.4934, 0.8750, 0.6430
0.1840, 0.0640, 0.3958, 0.1680, 0.3120, 0.1110, 0.2869, 0.4290, 0.1830
0.1819, 0.3100, 0.5574, 0.4490, 0.8770, 0.2000, 0.6802, 0.8570, 0.5940
0.1819, 0.0930, 0.5074, 0.3670, 0.5190, 0.1670, 0.4529, 0.7370, 0.3930
0.1798, 0.2880, 0.6979, 0.6700, 0.8670, 0.3330, 0.6904, 0.9230, 0.7500
0.1736, 0.1160, 0.6187, 0.5490, 0.6180, 0.2500, 0.5271, 0.8420, 0.5670
0.1736, 0.0520, 0.2949, 0.0760, 0.1250, 0.0770, 0.1109, 0.3330, 0.1000
0.1736, 0.0650, 0.3958, 0.1080, 0.1000, 0.1110, 0.0689, 0.3330, 0.1300
0.1736, 0.1650, 0.6979, 0.6700, 0.7220, 0.3330, 0.5631, 0.8890, 0.6260
0.1736, 0.1140, 0.6979, 0.6700, 0.5820, 0.3330, 0.4649, 0.8890, 0.6260
0.1736, 0.0830, 0.5074, 0.3620, 0.4080, 0.1670, 0.3267, 0.6670, 0.3180
0.1736, 0.2170, 0.6187, 0.5400, 0.7720, 0.2500, 0.5252, 0.7690, 0.5660
0.1663, 0.0920, 0.4283, 0.2470, 0.5710, 0.1250, 0.5621, 0.7200, 0.3810
0.1663, 0.0550, 0.5074, 0.3670, 0.2140, 0.1670, 0.2007, 0.6320, 0.2520
0.1663, 0.0850, 0.5574, 0.4490, 0.3040, 0.2000, 0.2007, 0.6670, 0.2960
0.1642, 0.1160, 0.5574, 0.4470, 0.6000, 0.2000, 0.4917, 0.7500, 0.4730
0.1642, 0.0790, 0.5074, 0.3070, 0.2820, 0.1670, 0.1976, 0.5450, 0.2500
0.1590, 0.0560, 0.4651, 0.2960, 0.2150, 0.1430, 0.1982, 0.6250, 0.2180
0.1559, 0.0780, 0.5574, 0.4250, 0.3110, 0.2000, 0.2274, 0.6670, 0.3110
0.1507, 0.1700, 0.6187, 0.5400, 0.6990, 0.2500, 0.4882, 0.7780, 0.5010
0.1486, 0.0650, 0.4651, 0.3010, 0.3150, 0.1430, 0.2869, 0.6000, 0.2190
0.1486, 0.0980, 0.6187, 0.5400, 0.5760, 0.2500, 0.5371, 0.7690, 0.4710
0.1486, 0.0640, 0.2949, 0.0760, 0.3150, 0.0770, 0.2869, 0.3330, 0.1490
0.1476, 0.0870, 0.5074, 0.3620, 0.3860, 0.1670, 0.2830, 0.6670, 0.2940
0.1435, 0.0700, 0.4651, 0.2960, 0.2580, 0.1430, 0.1982, 0.6250, 0.2180
0.1435, 0.0900, 0.3670, 0.1380, 0.3410, 0.1000, 0.2252, 0.4000, 0.1660
0.1372, 0.0710, 0.5074, 0.3660, 0.3330, 0.1670, 0.2801, 0.7060, 0.2930
0.1351, 0.1540, 0.6187, 0.5490, 0.6900, 0.2500, 0.5245, 0.8420, 0.5650
0.1351, 0.0690, 0.4283, 0.2430, 0.2540, 0.1250, 0.2005, 0.5880, 0.1930
0.1331, 0.0850, 0.4651, 0.2960, 0.2990, 0.1430, 0.1982, 0.6250, 0.2180
0.1320, 0.2980, 0.6979, 0.6670, 0.8620, 0.3330, 0.6338, 0.8570, 0.7210
0.1299, 0.0500, 0.2746, 0.0400, 0.0780, 0.0710, 0.0689, 0.2350, 0.0840
0.1279, 0.0670, 0.4651, 0.3010, 0.2500, 0.1430, 0.2007, 0.6670, 0.2190
0.1279, 0.0740, 0.3670, 0.1640, 0.4510, 0.1000, 0.4400, 0.5710, 0.2400
0.1268, 0.1160, 0.5574, 0.4470, 0.6440, 0.2000, 0.5915, 0.7500, 0.5370
0.1268, 0.0830, 0.3958, 0.2010, 0.5240, 0.1110, 0.5252, 0.6000, 0.3280
0.1227, 0.0620, 0.3670, 0.1380, 0.3070, 0.1000, 0.2869, 0.4000, 0.1900
0.1227, 0.0650, 0.3670, 0.1570, 0.2220, 0.1000, 0.1750, 0.4710, 0.1490
0.1175, 0.0770, 0.4283, 0.2450, 0.3510, 0.1250, 0.2801, 0.6320, 0.2280
0.1175, 0.1130, 0.5074, 0.3620, 0.4980, 0.1670, 0.3359, 0.6670, 0.3240
0.1175, 0.0670, 0.3958, 0.1990, 0.4320, 0.1110, 0.4538, 0.5560, 0.2890
0.1164, 0.0930, 0.5574, 0.4490, 0.5270, 0.2000, 0.4654, 0.8150, 0.4010
0.1123, 0.0690, 0.3958, 0.1990, 0.3200, 0.1110, 0.2830, 0.5560, 0.2070
0.1123, 0.0650, 0.3670, 0.0920, 0.1520, 0.1000, 0.1109, 0.3530, 0.1080
0.1123, 0.0530, 0.2210, 0.0000, 0.0000, 0.0590, 0.0000, 0.1110, 0.0590
0.1071, 0.0840, 0.5074, 0.3620, 0.3760, 0.1670, 0.2830, 0.6670, 0.2940
0.1071, 0.1260, 0.6187, 0.5460, 0.6870, 0.2500, 0.6545, 0.8000, 0.6460
0.1071, 0.0770, 0.4651, 0.3000, 0.3530, 0.1430, 0.2801, 0.6670, 0.2560
0.1019, 0.0780, 0.3958, 0.1910, 0.2670, 0.1110, 0.2005, 0.5260, 0.1650
0.1019, 0.0560, 0.3958, 0.1080, 0.0660, 0.1110, 0.0512, 0.3330, 0.1250
0.1019, 0.0510, 0.3958, 0.1080, 0.0800, 0.1110, 0.0689, 0.3330, 0.1300
0.1008, 0.1250, 0.6979, 0.6690, 0.4000, 0.3330, 0.2007, 0.7500, 0.4570
0.0988, 0.0910, 0.5074, 0.3660, 0.4420, 0.1670, 0.3421, 0.7060, 0.3270
0.0956, 0.0870, 0.5074, 0.3620, 0.4320, 0.1670, 0.3421, 0.6670, 0.2580
0.0915, 0.0480, 0.2556, 0.0330, 0.0560, 0.0670, 0.0512, 0.2220, 0.0750
0.0915, 0.0650, 0.3958, 0.2010, 0.3110, 0.1110, 0.2801, 0.6000, 0.2050
0.0904, 0.0660, 0.3958, 0.1990, 0.2450, 0.1110, 0.1982, 0.5560, 0.1730
0.0811, 0.0900, 0.5074, 0.3670, 0.3160, 0.1670, 0.2007, 0.6320, 0.2520
0.0728, 0.2900, 0.6979, 0.6700, 0.8710, 0.3330, 0.7097, 0.9000, 0.7590
0.0707, 0.0480, 0.2949, 0.0490, 0.0560, 0.0770, 0.0512, 0.2500, 0.0870
0.0707, 0.0490, 0.3169, 0.0400, 0.0580, 0.0830, 0.0512, 0.2350, 0.0830
0.0707, 0.0740, 0.3408, 0.0730, 0.0810, 0.0910, 0.0512, 0.2860, 0.1030
0.0707, 0.0580, 0.2949, 0.0490, 0.0690, 0.0770, 0.0512, 0.2500, 0.0870
0.0707, 0.0580, 0.3408, 0.1330, 0.2240, 0.0910, 0.2005, 0.5000, 0.1440
0.0707, 0.0700, 0.3670, 0.1570, 0.1870, 0.1000, 0.1317, 0.4710, 0.1350
0.0707, 0.0650, 0.3670, 0.0890, 0.0920, 0.1000, 0.0689, 0.3080, 0.1130
0.0707, 0.0760, 0.3670, 0.1570, 0.2020, 0.1000, 0.1317, 0.4710, 0.1350
0.0707, 0.0710, 0.3670, 0.0890, 0.0810, 0.1000, 0.0512, 0.3080, 0.1130
0.0603, 0.0640, 0.4651, 0.3000, 0.3330, 0.1430, 0.3210, 0.6670, 0.2520
0.0603, 0.0540, 0.2746, 0.0000, 0.0000, 0.0710, 0.0000, 0.1330, 0.0710
0.0603, 0.0570, 0.3958, 0.1080, 0.0880, 0.1110, 0.0689, 0.3330, 0.1300
0.0603, 0.0640, 0.3408, 0.1280, 0.1720, 0.0910, 0.1317, 0.4440, 0.1230
0.0603, 0.0510, 0.3408, 0.0400, 0.0800, 0.0910, 0.0689, 0.2350, 0.0910
0.0499, 0.0730, 0.4651, 0.2850, 0.2440, 0.1430, 0.1750, 0.5710, 0.2080
0.0499, 0.0600, 0.3670, 0.0890, 0.0890, 0.1000, 0.0689, 0.3080, 0.1130
0.0499, 0.0770, 0.3670, 0.0000, 0.0000, 0.1000, 0.0000, 0.1820, 0.1000
0.0499, 0.0530, 0.3169, 0.0600, 0.0620, 0.0830, 0.0512, 0.2670, 0.0940
0.0499, 0.0840, 0.4283, 0.2450, 0.4250, 0.1250, 0.3442, 0.6320, 0.2590
0.0499, 0.0550, 0.3408, 0.0330, 0.0650, 0.0910, 0.0512, 0.2220, 0.0910
0.0499, 0.0600, 0.2556, 0.0000, 0.0000, 0.0670, 0.0000, 0.1250, 0.0670
0.0499, 0.0880, 0.6187, 0.5400, 0.4230, 0.2500, 0.3267, 0.7690, 0.4380
0.0499, 0.0700, 0.4283, 0.2460, 0.2600, 0.1250, 0.2007, 0.5880, 0.1940
0.0499, 0.0590, 0.3169, 0.1050, 0.1620, 0.0830, 0.1317, 0.4210, 0.1130
0.0499, 0.0710, 0.3958, 0.1080, 0.0830, 0.1110, 0.0512, 0.3330, 0.1250
0.0499, 0.0640, 0.3169, 0.1050, 0.1720, 0.0830, 0.1317, 0.4210, 0.1130
0.0499, 0.0590, 0.4283, 0.2450, 0.2890, 0.1250, 0.2801, 0.6320, 0.2280
0.0499, 0.0550, 0.3670, 0.0000, 0.0000, 0.1000, 0.0000, 0.1820, 0.1000
0.0499, 0.0970, 0.5074, 0.3620, 0.5810, 0.1670, 0.5576, 0.6670, 0.4600
0.0416, 0.0900, 0.5574, 0.4470, 0.4720, 0.2000, 0.3889, 0.6250, 0.4070
0.0416, 0.0710, 0.3958, 0.1080, 0.0830, 0.1110, 0.0512, 0.3330, 0.1250
0.0416, 0.0640, 0.4283, 0.1320, 0.2350, 0.1250, 0.1976, 0.3750, 0.1430
0.0416, 0.0550, 0.3958, 0.1080, 0.0640, 0.1110, 0.0512, 0.3330, 0.1250
0.0416, 0.0630, 0.3670, 0.0890, 0.0740, 0.1000, 0.0512, 0.3080, 0.1130
0.0416, 0.0610, 0.3408, 0.0730, 0.0720, 0.0910, 0.0512, 0.2860, 0.1030
0.0416, 0.0450, 0.2949, 0.0490, 0.0530, 0.0770, 0.0512, 0.2500, 0.0870
0.0416, 0.0550, 0.2949, 0.0910, 0.2150, 0.0770, 0.2007, 0.4620, 0.1230
0.0416, 0.0550, 0.3408, 0.0860, 0.1520, 0.0910, 0.1317, 0.4000, 0.1070
0.0416, 0.0660, 0.4651, 0.3010, 0.2490, 0.1430, 0.2007, 0.6000, 0.2190
0.0416, 0.0690, 0.4651, 0.1620, 0.0810, 0.1430, 0.0512, 0.4000, 0.1600
0.0416, 0.0590, 0.4651, 0.2960, 0.2910, 0.1430, 0.2801, 0.6250, 0.2180
0.0416, 0.0520, 0.3169, 0.0600, 0.0810, 0.0830, 0.0689, 0.2670, 0.0980
0.0416, 0.0650, 0.3958, 0.1990, 0.2440, 0.1110, 0.1982, 0.5560, 0.1730
0.0416, 0.0610, 0.4283, 0.2450, 0.2980, 0.1250, 0.2801, 0.6320, 0.2280
0.0312, 0.0790, 0.4651, 0.2850, 0.3490, 0.1430, 0.2699, 0.5710, 0.2510
0.0312, 0.0720, 0.3169, 0.0000, 0.0000, 0.0830, 0.0000, 0.1540, 0.0830
0.0312, 0.0600, 0.4283, 0.2060, 0.2570, 0.1250, 0.2313, 0.4620, 0.2070
0.0312, 0.0640, 0.3958, 0.1990, 0.2390, 0.1110, 0.1982, 0.5560, 0.1730
0.0312, 0.0620, 0.4283, 0.1680, 0.1310, 0.1250, 0.1109, 0.4290, 0.1460
0.0312, 0.0500, 0.2949, 0.0490, 0.0780, 0.0770, 0.0689, 0.2500, 0.0910
0.0312, 0.0590, 0.3958, 0.1680, 0.1390, 0.1110, 0.1109, 0.4290, 0.1430
0.0312, 0.0890, 0.5574, 0.4470, 0.3880, 0.2000, 0.2801, 0.7500, 0.3410

